bac=234.500000
acb=148.200000
ghi=9.100000
