ghi=9.100000
acb=148.200000
bac=234.500000
